# Created by Octave 4.2.2, Thu Apr 05 21:34:21 2018 GMT <unknown@unknown>
# name: A
# type: matrix
# rows: 130
# columns: 16
 -4.55542607 -3.82692675921 -2.50825079158 -2.06561829895 -2.36070662737 -2.21316246316 -4.40788190579 -3.82692675921 -2.06561829895 -2.21316246316 -2.06561829895 -2.50825079158 -2.94166177395 -1.77975148079 -3.23675010237 -2.94166177395
 -4.40788190579 -4.55542607 -5.13638121658 -3.08920593816 -2.21316246316 -2.36070662737 -6.45505718421 -4.11279357737 -3.23675010237 -3.53183843079 -2.94166177395 -3.38429426658 -4.70297023421 -2.80333912 -4.98883705237 -2.21316246316
 -9.230731773420001 -6.15996885579 -3.96524941316 -4.11279357737 -3.679382595 -4.26033774158 -8.06882148026 -5.87410203763 -5.13638121658 -5.72655787342 -5.28392538079 -5.28392538079 -5.72655787342 -4.40788190579 -6.15996885579 -4.70297023421
 -7.33110065921 -6.75014551263 -4.98883705237 -5.87410203763 -7.33110065921 -7.03601233079 -8.64977662684 -9.092409119479999 -4.98883705237 -5.28392538079 -4.40788190579 -5.72655787342 -7.92127731605 -5.87410203763 -6.75014551263 -3.38429426658
 -9.82090843027 -9.82090843027 -9.378275937630001 -7.03601233079 -4.55542607 -5.57901370921 -8.79732079105 -6.15996885579 -9.378275937630001 -8.944864955270001 -9.525820101840001 -8.06882148026 -7.03601233079 -6.01242469158 -7.92127731605 -8.207144134210001
 -11.2779070518 -9.378275937630001 -7.33110065921 -6.75014551263 -10.2543194126 -9.673364266049999 -11.2779070518 -12.3014946911 -8.06882148026 -7.92127731605 -6.15996885579 -8.207144134210001 -10.1159967587 -8.207144134210001 -8.79732079105 -5.57901370921
 -8.64977662684 -9.673364266049999 -8.207144134210001 -10.2543194126 -7.33110065921 -7.33110065921 -8.354688298419999 -8.502232462629999 -8.06882148026 -9.525820101840001 -11.2779070518 -9.230731773420001 -9.378275937630001 -8.354688298419999 -8.944864955270001 -9.230731773420001
 -12.3014946911 -12.1631720371 -13.7677148229 -8.207144134210001 -9.96845259448 -10.1159967587 -11.1395843979 -10.2543194126 -13.3250823303 -10.6969519053 -8.354688298419999 -11.4254512161 -9.092409119479999 -8.207144134210001 -10.5494077411 -7.77373315184
 -9.82090843027 -10.6969519053 -6.15996885579 -9.673364266049999 -10.4018635768 -9.092409119479999 -9.96845259448 -11.4254512161 -7.33110065921 -8.64977662684 -8.944864955270001 -7.92127731605 -10.4018635768 -10.8444960695 -7.77373315184 -9.230731773420001
 -10.4018635768 -9.378275937630001 -11.7205395445 -10.2543194126 -7.183556495 -7.33110065921 -9.092409119479999 -9.230731773420001 -12.8916713479 -12.3014946911 -11.4254512161 -11.1395843979 -8.354688298419999 -8.06882148026 -10.2543194126 -9.673364266049999
 -10.9920402337 -11.4254512161 -9.230731773420001 -7.77373315184 -10.9920402337 -11.4254512161 -11.4254512161 -12.0156278729 -8.64977662684 -7.47864482342 -7.33110065921 -8.79732079105 -9.378275937630001 -9.525820101840001 -8.64977662684 -6.89768967684
 -9.82090843027 -10.1159967587 -7.33110065921 -10.4018635768 -7.33110065921 -7.47864482342 -9.092409119479999 -9.525820101840001 -9.378275937630001 -11.4254512161 -12.7441271837 -9.230731773420001 -8.944864955270001 -8.944864955270001 -8.502232462629999 -10.6969519053
 -11.1395843979 -9.673364266049999 -13.4726264945 -8.944864955270001 -9.82090843027 -9.673364266049999 -10.4018635768 -10.9920402337 -12.0156278729 -9.230731773420001 -7.92127731605 -10.2543194126 -10.5494077411 -8.64977662684 -10.4018635768 -7.33110065921
 -9.092409119479999 -10.5494077411 -6.60260134842 -10.2543194126 -10.1159967587 -10.4018635768 -9.82090843027 -10.4018635768 -7.77373315184 -9.230731773420001 -10.8444960695 -9.092409119479999 -8.944864955270001 -10.5494077411 -8.354688298419999 -9.96845259448
 -10.8444960695 -10.4018635768 -12.7441271837 -10.1159967587 -8.06882148026 -9.230731773420001 -9.82090843027 -9.092409119479999 -12.4490388553 -10.8444960695 -10.8444960695 -11.2779070518 -10.1159967587 -9.230731773420001 -10.5494077411 -10.2543194126
 -10.1159967587 -9.525820101840001 -9.525820101840001 -9.230731773420001 -10.5494077411 -9.673364266049999 -10.2543194126 -11.1395843979 -8.207144134210001 -8.64977662684 -7.92127731605 -9.230731773420001 -10.8444960695 -10.1159967587 -7.92127731605 -7.92127731605
 -8.944864955270001 -8.944864955270001 -8.207144134210001 -9.673364266049999 -6.01242469158 -7.33110065921 -9.378275937630001 -8.944864955270001 -11.1395843979 -11.4254512161 -10.4018635768 -9.525820101840001 -7.33110065921 -9.230731773420001 -8.06882148026 -9.82090843027
 -9.673364266049999 -9.230731773420001 -8.64977662684 -7.33110065921 -8.354688298419999 -9.230731773420001 -9.96845259448 -10.5494077411 -10.1159967587 -7.77373315184 -5.72655787342 -8.944864955270001 -9.378275937630001 -8.64977662684 -8.354688298419999 -6.01242469158
 -8.64977662684 -8.06882148026 -7.03601233079 -8.207144134210001 -6.89768967684 -6.30751302 -8.64977662684 -9.378275937630001 -8.207144134210001 -9.96845259448 -10.2543194126 -7.33110065921 -7.77373315184 -7.77373315184 -6.75014551263 -9.230731773420001
 -8.502232462629999 -8.502232462629999 -9.673364266049999 -7.03601233079 -6.30751302 -7.03601233079 -8.502232462629999 -8.64977662684 -10.5494077411 -8.64977662684 -7.03601233079 -7.92127731605 -7.03601233079 -7.183556495 -8.502232462629999 -6.15996885579
 -7.77373315184 -8.207144134210001 -7.47864482342 -7.33110065921 -7.92127731605 -9.378275937630001 -8.79732079105 -9.378275937630001 -7.33110065921 -7.47864482342 -7.77373315184 -7.92127731605 -9.092409119479999 -7.92127731605 -6.89768967684 -6.89768967684
 -8.502232462629999 -10.2543194126 -10.2543194126 -7.77373315184 -5.431469545 -7.33110065921 -8.354688298419999 -8.502232462629999 -9.092409119479999 -8.64977662684 -10.1159967587 -8.79732079105 -8.207144134210001 -6.75014551263 -7.92127731605 -8.354688298419999
 -8.502232462629999 -9.230731773420001 -9.230731773420001 -6.60260134842 -7.92127731605 -8.354688298419999 -9.230731773420001 -9.230731773420001 -7.77373315184 -7.92127731605 -6.60260134842 -7.47864482342 -8.64977662684 -8.06882148026 -8.354688298419999 -6.75014551263
 -8.354688298419999 -8.06882148026 -7.47864482342 -8.207144134210001 -6.30751302 -8.207144134210001 -8.64977662684 -9.092409119479999 -8.06882148026 -9.092409119479999 -8.64977662684 -9.092409119479999 -8.502232462629999 -7.77373315184 -7.92127731605 -8.79732079105
 -9.230731773420001 -10.5494077411 -10.1159967587 -7.77373315184 -6.60260134842 -8.207144134210001 -9.230731773420001 -8.64977662684 -9.378275937630001 -7.92127731605 -7.47864482342 -9.092409119479999 -9.525820101840001 -8.502232462629999 -9.092409119479999 -7.47864482342
 -8.79732079105 -8.64977662684 -6.75014551263 -8.06882148026 -7.47864482342 -7.183556495 -9.230731773420001 -8.944864955270001 -7.77373315184 -9.525820101840001 -8.944864955270001 -8.207144134210001 -8.207144134210001 -8.64977662684 -8.06882148026 -8.944864955270001
 -9.230731773420001 -7.92127731605 -8.207144134210001 -7.77373315184 -6.60260134842 -7.92127731605 -9.230731773420001 -8.79732079105 -9.82090843027 -9.378275937630001 -7.92127731605 -9.82090843027 -8.354688298419999 -8.944864955270001 -9.230731773420001 -7.92127731605
 -9.092409119479999 -9.525820101840001 -9.230731773420001 -7.77373315184 -8.207144134210001 -9.673364266049999 -9.525820101840001 -9.092409119479999 -8.64977662684 -8.79732079105 -7.92127731605 -8.207144134210001 -8.64977662684 -8.944864955270001 -7.92127731605 -6.75014551263
 -8.64977662684 -9.378275937630001 -7.92127731605 -8.502232462629999 -6.89768967684 -8.06882148026 -9.378275937630001 -9.230731773420001 -10.1159967587 -9.673364266049999 -10.2543194126 -8.944864955270001 -8.207144134210001 -8.502232462629999 -8.79732079105 -10.9920402337
 -9.092409119479999 -8.354688298419999 -9.673364266049999 -7.92127731605 -7.47864482342 -8.64977662684 -9.378275937630001 -9.96845259448 -9.525820101840001 -8.354688298419999 -7.92127731605 -8.207144134210001 -9.96845259448 -8.207144134210001 -9.378275937630001 -5.431469545
